5000
6788.55
8596.23
19292.1
6066.27
15464.2
4951.14
2380.08
9495.19
13059.6
13114.9
16727.9
3957.3
5416.42
8058.72
1658.56
18183.2
17734.2
17020.5
6300.6
10302.8
6718.98
12714.2
6788.62
6390.22
6294.39
8653.19
18245.4
16894.4
19924.8
7152.34
3901.68
6713.34
15747.6
3193.81
12778.6
11211.7
8143.95
15157.7
706.929
1203.53
8272.56
17433.8
5159.83
13688
5492.55
6817.39
11871.2
3226.77
3837.86
18170.8
13528.5
10555.8
10885
317.154
16945.1
17178.4
8969.35
15190.5
14072.8
8894.13
2342.83
17973.5
15606.5
18089.4
1167.3
8385.08
9301.15
9310.25
3542.77
10007.1
10512.8
11814.3
7440.91
15671.6
5502.32
12932.5
2489.01
17372.5
16158.2
6325.87
15543.3
9686.77
16880.7
6428.32
10002.9
13825.8
3606.72
18971.3
9016.26
17678.5
7865.4
11358.1
15652
3471.87
9447.5
16818.3
11856
18747.7
6128.57
15397.7
8754.73
16640.4
7212.06
16194.6
12312
12713.4
9127.1
14800
10085.9
5285.34
1125.86
5629.22
14971.1
18005.6
12056.5
4974.02
11831.4
15662.3
3945.29
847.621
13340.8
11809.7
12204.7
8992.8
15280.6
1652.22
5811.12
7136.51
399.871
11938.7
2534.23
9153.6
8579.05
9745.29
5348.24
891.028
2458.68
14474.3
15690
12543.6
19758.7
16814.9
18171.8
14729.8
14820.5
10228.3
19702.8
6651.82
5890.59
3648.09
7498.44
19230.4
15456.8
19702.2
8223.16
10737.3
1354.38
14033.3
17872.8
1753.25
5971.97
407.075
10905.8
14550
10151.4
16253.1
15440.1
12609
10727.4
11130.1
5152.62
10486.1
7944.95
3324.41
5215.88
2765.41
13551.7
4918.68
9416.23
19441.3
8565.77
16913.7
18671.7
4022.55
16615.8
6894.86
14758.9
17969.2
928.142
12631.7
19721.4
6899.12
13037.8
10627.3
1449.14
3189.17
6880.38
16888.2
15797.2
17606.8
8018.26
949.835
8092.91
15962.2
4273.25
13307.8
18726.6
17824
18225.5
8142.85
17265.3
6791.25
5056.52
15937
10812.8
1672.35
2831.88
5571.69
19640.6
3759.02
18202.4
19362
10657.1
11240.2
9989.3
12105.3
14428.4
16868.7
8993.47
10225.6
14475.5
17010.7
11174.4
2568.4
12972.9
15446.7
15875.2
11699.6
13270.7
14100.7
19841.4
10536
891.929
4897.94
6473.01
11703.7
6569.29
9303.9
17274.4
6209.84
13061.9
15476.8
5571.85
3719.06
6717.04
15560.2
15823.3
1145.43
12428.8
4816.8
11370
6904.32
1827.53
2544.45
9471.72
14799.5
17990.1
5346.91
6499.03
11260.8
19446.6
6340.44
1796.8
338.514
11237.4
8268.81
12041.2
17805.7
17571.7
9315.67
4015.51
10633.6
4792.5
9586.36
14351.7
11508.5
5146.51
10175
12653
17574.3
14990.8
4022.99
4478.66
16817.4
6566.44
13949.4
11616.8
4556.57
19295.3
18114.8
15816.4
18741.9
4455.29
17612.2
19079.4
15691.7
5880.99
11120.6
13497.3
3452.7
436.293
17511.8
14085.3
5227.79
7098.19
8437.01
16735.3
12243.7
18611
9388.3
9818.04
13601.9
13410.3
14295.7
10419.2
19975.7
8245.06
2036.05
4532.3
7540.34
150.897
348.674
6282.21
4605.18
17959.8
5361.59
296.844
3840.83
16481.2
13793.2
7292.53
16916.5
11305
1377.85
2144.3
18402.2
9813.87
18878.6
10645.9
8424.9
8266.94
463.922
2026.77
1677.23
14758.6
12445
1652.96
3003.68
14480
6184.26
10543
14629.9
6531.93
16824.2
19234.1
4491.78
2185.82
19530
8331.61
18666
13323.1
15623.1
15582.5
4628.13
17000
17725.8
3030.32
6813.86
16604.5
13675.2
15237.8
4871.42
14138.1
17263.5
6547.65
8896.74
9708.52
8199.61
11899.4
4188.56
14382.9
2442.44
18817.5
914.792
19265.7
18051.6
5405.57
1451.49
17581.6
13736.2
117.529
10904.7
9359.32
15699.1
15531.8
6359.31
13424.9
18561.2
13172.2
10029.4
12236.4
8409.93
14899.8
6374.49
5673.46
1447.49
15270.2
15381
9646.09
7169.65
19568.5
4028.95
9611.09
18386
4942.75
8876.76
16437.6
10347.3
10327.2
14019.2
4083.5
10443.8
4923.93
13441.8
6142.85
455.77
19800.1
19566.8
19015.9
12972.3
9596.19
11252.3
1382.22
4496.03
17625.8
7054.67
5942.51
12896
2435.65
15587.6
65.6608
2004.19
19615.6
9675.75
390.223
4558.31
18551.5
16826.9
14904.6
8878.75
10846.1
18987.1
19321.5
15769
12428.9
5464.38
16223.8
12229.1
5031.16
15239.7
5201.34
14626.4
6492.01
6582.56
19121.4
4117.8
13636.2
5063.9
17012.8
16070.9
651.505
17077.5
18074.1
267.067
6753.22
18463.3
4824.38
5304.72
15290.2
19728
14182.5
6136.26
18715.1
13504
1905.29
11144.1
18967.4
18128.1
3373.11
3998.55
13367.8
8573.46
18623.9
19858.8
15155
17745.3
3976.62
8791.25
2809.18
989.425
4862.13
3459.69
18065.9
2936.2
3725.75
4819.11
1399.49
8549.13
10122.8
16688.7
8277.13
4305.3
2824.92
6992.25
17808.3
4729.2
18135.3
16775.7
2857.29
1508.42
774.238
16224.1
10080.9
19397.1
16082.9
5235.89
17142.4
59.5339
14026.1
19950.6
1047.96
18887.3
3410.29
19112.9
1823.46
7135.04
3931.96
3221.96
15683.2
14053.8
19909.6
3960.3
18358.1
2734.54
10951.5
16166.4
7462.74
9086.85
12942.1
10319
10594.3
13715.3
6543.12
675.14
13112.5
2626.04
5910.03
10254.9
2684.58
19935.2
10205.5
3731.53
18822.4
13614.8
2844.39
645.894
749.83
6775.35
3866.85
16432
829.136
3776.47
392.297
19186.2
6510.01
11342.8
15352.6
13971.8
429.695
8294.72
4290.78
11023
2010.05
10832.9
11697.1
15121.5
13457.9
17606.1
5376.42
16141.5
17541.3
15580.9
19872.1
16363.7
9195.7
2716.44
17008.6
9944.53
9490.79
875.472
6376.53
10318.9
4650.94
6767.83
9505.15
11160
18109.7
4857.79
5131.7
18538.4
13151.5
9421.48
9561.33
15160.6
254.388
1258.44
10282.1
13711.3
18863.6
15657.5
9852.86
16404.9
11238.4
9724.91
12768.6
434.129
12440.4
9777.21
10377.7
1931.14
10651.7
16753.2
12249.1
15301.6
3521.03
1754.22
6461.58
1630.71
6611
11592.3
169.076
19761.5
1013.76
9729.41
14922.1
1267.15
10986.8
5204.16
14977.5
9850.42
861.671
4830.34
6255.28
12099.1
14554.3
19022.9
12532.2
6994.61
8800.08
2909.89
8924.75
19450.8
19662.1
1173.81
14752.4
3183.11
2927.03
1213.96
4812.82
9537.03
12805.2
4980.9
9298.54
13818
14709.3
4220.62
15084.2
5696.15
9423.78
10061.6
15545.6
10284.5
14891
1800.85
2383.55
9445.24
823.719
14914.8
16438.8
9622.8
17823.7
5363.6
9073.56
17485.7
6536.41
3825.95
668.857
9462.44
5038.91
5480.68
18998.5
17843.2
10460.6
8297.01
11661.2
5169.88
12516.6
6745.31
10865
1940.41
16805.9
6410.6
12223.9
11696.9
8210.44
14606.4
1142.17
9033.16
9521.18
17580
18655
7344.83
2943.61
7728.52
4830.58
9479.02
11553.5
5498.43
18940.5
16591.4
10978.1
17938.9
14434.5
1438.68
6235.93
6095.69
6607.56
18751.6
12840
17471.6
691.962
9645.94
3882.19
12914.8
1342.87
12091.6
7521.23
2484.04
1124.79
17041.4
64.0523
19778.8
4386.24
3006.66
7507.28
9215.81
12484.7
19059.8
14713.2
11425.1
15651.1
5691.36
9364.05
10085.7
7129.04
15599
16180.4
13735.6
14350.5
9020.35
11207.2
15041.5
18665.3
15088.4
7956.31
8.16046
7180.01
15476.5
2491.2
8303.8
12517.9
2554.25
8082.56
16903.2
5559.91
15588.8
6118.99
18043.6
14648.6
832.234
9468.72
10299.7
6522.59
18831.8
385.405
13650.6
14430.7
16564.8
7386.23
8781.27
5585.11
18592.4
3822.77
4250.4
13680.8
11778.1
4257.56
860.801
7254.62
6747.76
9163.6
19771.6
9301.01
17245.2
16674.7
14859.9
12834
2793.73
12903.5
7482.61
3624.97
2372.23
17781.3
10146.6
1203.99
18165.7
3797.18
15633.7
14730.5
11182.4
4415.01
315.614
9774.83
8236.78
4565.01
3455.62
14.8588
8821.57
4315.42
7268.48
15568.3
13478
7040.04
4869.33
10723.2
3714.78
19728.2
3557.2
6507.51
12631.8
11038.8
10131.5
15003
8820.15
278.034
16206
6985.9
4074.22
11839.7
1716.4
15255.6
16253.7
2031.02
5030.45
4490.5
6595.03
8485.07
4504.36
15415.6
12799.5
11771.8
10983.9
6277.52
18810.9
15852.2
16999.7
2525.67
15580.5
556.906
9032.18
8212.24
11594.7
19162.7
3215.23
414.86
19439.7
19420.2
7399.76
3513.91
11259.9
9115.16
18768.5
7513.64
11145.2
3798.99
12003.1
17739.2
12283.1
16506.5
13154.8
5082.56
8278.35
4138.71
11359.1
7089.23
19990
8358.78
9613.9
15570.4
8914.69
18645.1
3782.69
509.401
17807.7
6996.91
923.261
17247.4
6417.11
8322.02
761.355
17676
17436.2
19528.9
5189.67
8581.36
3327.89
17191.8
6320.57
15610
13698.3
19474.4
692.509
1976.66
3613.09
12050.6
9064.9
3603.04
409.369
18677.8
19172.5
9323.06
17322.9
2955.17
9831.46
15130.6
9951.08
10753.7
12378.1
16367.2
19074.7
13138.4
14043.2
16510.9
12667.3
19231.9
5092.28
15994.2
16423.7
11411.9
11604.2
10122
10886.2
12295.7
12097.7
14498.3
4346.24
1162.58
18100.4
4754.61
19839.4
17272.8
14076.7
17162.3
228.013
3908.13
12292.9
10178.1
14660.9
4670.94
6545.29
13735.6
17808.4
588.507
10246.5
10475.7
19819.4
15337.8
6469.87
16243.1
6749.65
18073
6365.11
17634.9
10368.7
18461.8
12133.2
14713.9
19623.4
10233.6
19467.5
19462.8
7506.4
13544.2
16625
7733.41
17451.3
8917.88
17910.5
12112.2
13587.8
4455.8
5847.79
11396.2
5043.3
16093.3
1871.85
4862.7
11431.1
8340.72
1105.79
18179.8
6413.74
7469.91
15814.6
16781.4
5931.71
7947.84
11495.3
5555.09
18180.4
10962.9
5017.84
5686.79
4507.1
1642.84
13419.2
1958.44
10559.7
11329.7
14069.6
4147.55
15784.5
19916.4
15542.7
827.815
16009.7
17413.6
5689.51
7440.82
5754.29
6794.31
5620.58
12167
14263.2
1435.21
8948.45
194.922
9382.05
443.793
5749.01
7562.44
11405.7
10765.8
13248.2
15911.8
12407.7
6667.45
17869.2
2967.42
17996.2
11938.9
7113.96
13780.7
11855.3
2656.68
14607.5
7865.01
70.2534
297.004
15304.8
5823.54
7090.31
925.416
17989.6
1353.53
2359.63
6938.01
1547.45
11740.7
7380.8
7295.46
19302.1
18785.5
18060.3
12550.4
14697.3
10468
19216.8
12566.5
13434.4
17213
4505.35
548.371
10993.6
16359.6
3204.06
5601.14
4224.65
3273.31
5897.14
19528.5
9095.85
12986.5
453.906
7085.41
14339
2812.54
14022.4
15885.4
14552.2
1403.23
3180.88
13854.3
188.708
1241.19
6404.7
14885
11708.2
5621.5
7451.46
5142.59
2834.47
11955.8
5689.96
13827.1
8315.44
8893.01
19427.3
12539.1
12165.3
5324.4
12067.6
1261.17
18309.9
12520.5
8345.59
12648.8
15332
2368.01
8534.26
9884.24
3770.23
11714.1
3738.58
3957.94
12954.3
10142.3
18841.9
4662.51
15762.8
6293.37
9804.1
18596.2
18248.2
15493.1
12423.4
6563.62
4386.07
11850.6
19101.7
16550.4
17174
11169.3
17810.6
15483.9
3689.78
6156.15
8132.71
19020.8
8523.16
16666
8905.04
12292.4
8380.12
12642.6
16249.3
1334.45
2784.89
15091.2
5995.96
18546.7
1384.61
15799.1
17142.9
19631.8
11292.1
9566.27
6195.4
15677.2
1416.9
5297.11
12227.6
18589.9
16465.4
10038.2
14073.8
155.179
16193.3
2206.5
19175
4716.47
18871.5
8080.02
17007.9
7251.6
722.637
13257.2
8585.05
3506.53
8348.44
14580
2053.19
9732.05
10379.1
19195.1
9363.84
1671.2
8761.37
15558.2
17347.4
10177.3
855.353
9574.97
8767.19
17319.8
19612.1
2840.98
17473.9
15805.4
5046.48
16648.9
521.899
3917.96
4728.94
17528.8
11168.6
5450.57
10786
19752.6
8956.1
19133.4
14332.6
11008.3
8865.44
4711.69
10203.4
18228.3
6381.88
18963.8
13786.5
3729.27
9141.03
14640.9
13303.2
17907.2
11960.6
12915.4
748.194
9434.56
8720.8
5793.68
6083.48
9241.7
9710.63
10811.4
6770.46
879.185
16261
17555.4
631.786
5217.08
16688.8
14963.4
16224.4
5554.24
19674.1
6427.76
3782.52
6055.97
5391.51
17568
9784.24
14531.5
12208.9
3087.48
12438.8
4169.55
16001.8
13186
13603.1
4722.65
18978.6
19685.6
13963.3
8689.26
10497
733.807
9567.44
6757.99
18288.2
10198.2
11974.1
14977
5161.63
8198.44
531.254
4835.72
14625.2
4312.77
10890.7
16.709
1880.82
674.923
14547.3
14088.7
3761.4
6986.01
18257.3
19762.3
171.959
11860.4
4484.9
19149.6
11546
18447.3
7838.84
2042.98
19180.1
17405.3
8799.96
17468.3
7603.52
774.031
12445.3
12764.1
8971.47
12975.5
17598.9
3596.66
17287.3
8489.55
3612.37
19167.1
9163.47
18158.6
13255.9
12923.9
5144.63
11513.1
12686.1
5315.59
3373.53
17170
4465.18
14918.5
15617.3
12303
16960.5
14797.3
9708.31
5760.45
12265.6
17310.8
6533.48
4710.91
10075
15503.9
17685.5
7673.84
19099.6
14972.8
16162.4
2711.99
14139.9
5325.86
870.61
7395.77
18248.7
6014.24
18907.9
10934.9
11328.8
2281.45
8104.9
15793
17199
3722.18
8096.04
14159.4
18518.5
17803.3
19918.9
10784.1
15114.2
6452.36
15494.1
5189.16
1956.31
13179.5
12862
1055.92
8152.27
9024.4
3766.9
2292.17
14349.3
4636.51
9686.94
12598
10649.8
8594.85
3532.87
1978.59
10875.3
11636.8
17770.6
8074.25
15357.9
5866.64
2233.69
13876.5
3669.99
2152.58
4660.62
18783.2
8603.94
154.675
3972.33
10559.2
13333.2
16833.3
11614.2
1485.45
5857.73
15380.1
3776.62
206.984
16.5815
13462.6
12804
10665.3
2057.41
16335.8
12642.9
12931.7
7972.61
10413.5
1005.97
3330.56
16279.2
3238.66
17206
19948.2
5390.24
1866.66
18731.3
13993.2
2020.34
2703.66
4552.42
15352.5
19536
16165.6
16837
5393.72
11545.7
613.58
5599.71
11561.2
14075.1
18402.7
2226.57
16131.6
14738.5
14868.5
9063.26
2711.15
5282.04
10068.2
6040.71
1561.23
13305.9
3246.75
1509.4
18695.1
5112.41
240.733
12688.3
7131.74
2943.4
17239.7
2484.26
2479.39
13405.3
19320.2
7872.11
4950.97
19932.8
13470.8
16511.2
14007.9
11873.5
18736.8
10139.5
6612.04
13605.3
19201.8
9322.19
18886.3
9269.98
15361.9
447.555
2575.87
18607.6
1955.95
1271
3720.05
2195.68
13958.3
10850.8
5138.08
11198
13334.1
7616.47
4603.35
12654.3
15487.6
9553.32
12587.1
8958.41
6064.53
6595.01
831.915
4801.3
16733.5
7442.96
18405.6
15935.3
16764.1
17291.9
5205.23
12126
17738.5
7780.11
10733.7
19693.4
9050.11
14452.7
1889.1
3008.42
5303.54
7026.19
14205.5
18636.6
14641.7
18807.8
11290.9
10129.2
8361.14
3877.95
19086.7
14424.7
10472
19917.6
19225
7205.46
7360.53
17630.6
3140.71
4124.67
14922.5
8344.94
16249.7
12660.9
16124.1
6983.4
12354.4
5174.16
1436.15
14242.5
8181.59
6738.69
1268.66
2387.05
5375.29
15909.3
1194.87
16665.2
6038.56
9555
543.116
5125.22
3979.67
11014.1
5042.79
3204.64
18218.5
12402.3
835.192
1359.25
16526
15756.7
9703.19
12775.7
8417.61
5827.24
19758.1
771.974
11000.4
1194.25
15013.4
19181
7931.94
16281.1
1568.04
13306.2
12190.4
2761.9
9971.39
18228
12315.9
10513.5
3353.19
16294.6
1527.59
8394.98
19498.2
19745.1
797.298
333.407
1104.37
17322.3
16089.1
10806.6
10098
4506.68
16632.8
9856.09
5277.65
7633.21
11049.3
291.099
6814.2
18980.3
16571.2
8381.23
12286.5
8761.61
11142.1
2257.89
6989.59
3458.05
12770.4
10341.8
19751.6
14297
18735.8
19249.8
14042.1
19532.1
19582.2
15145.5
16854.3
15671.3
5952.04
6952.33
178.003
2584.84
16807.4
5454.66
10217
7856.76
5744.76
17030.2
6837.03
2315.95
5411.48
19122.5
11076.6
16552.6
1380.43
18065.2
10.6686
14149.8
8406.93
19761.3
8446.82
7142.7
19011.1
2488.93
6674.76
18593.4
17633.4
3529.1
14264.7
3585.46
10480.4
14441.7
6169.3
7287.85
19895.4
16385.3
15143.6
5640.13
13415.6
1980.64
7955.08
18826.1
1103.18
19030.6
15378.7
2482.61
17095.8
15388.4
16631.4
5502.73
15149.7
5078.26
12644.4
14160.8
7566.2
19318.2
12754.2
5199.61
2847.29
7018.89
8784.06
13326.7
1460.6
14952.4
614.579
1355.97
11337.7
15757.2
6995.1
4753.31
17736.8
14949.2
3579.38
18839
13979.8
18957.1
1321.62
11075.6
14345.4
17952.1
16577.4
9495.09
3030.33
9221.78
3655.88
10595.5
8539.96
16409.1
15794.1
11386.3
3427.96
4578.2
4712.98
4887.56
19529.6
5326.56
6242.53
10867.3
1083.75
13236.6
15619.6
18819.6
8185.81
19198
17658.6
2165.63
18155
18979.2
13240.3
12500.5
16931.3
9817.6
1995.55
19960.6
19038.4
5650.44
10556.1
7578.35
2059.5
6350.28
18963.6
5486.46
10927.5
3676.58
10373
10457
9002.14
16614.5
1324.31
10084.9
9851.18
16942.9
8904.47
18036
16140.9
6563.07
201.615
14295.9
5542.29
13440.9
6796.34
2473.58
3258.47
8790.9
2434.2
2296.85
14440.3
12989.3
9874.2
16498.8
19338.6
8837.8
1985.29
10266.1
12513.4
12357.3
723.127
1515.51
8971.85
2046.44
11599.4
18822
18988.3
503.868
16858
15129.2
7065.94
17058.6
9425.06
12607.2
10499.5
16220.4
15079.8
13757
5011.3
17513
16052.8
19450.6
10502.3
5927.01
15949.5
9840.97
14763.8
17933.8
107.057
7277.18
10291.1
829.185
8791.7
19261.9
2874.62
391.098
18083.9
1862.95
893.966
14942
16991.1
7958.9
12000.6
6416.19
566.128
2500.08
2636.6
15644.9
16256
7646.91
13157.9
12308.9
7097.54
3660.29
18234.9
3047.01
13500.3
12998.7
980.77
13606.3
275.854
11270.8
14434.5
9066.55
10532.8
17308.1
9456.65
8616.7
19170.1
10349.6
3558.65
16161.2
18307.5
15558.2
2577.4
18872.6
18057.3
5213
14517.6
14313.4
12858.9
7675.52
6622.21
19955.4
11334.8
4857.07
3002.46
4835.07
17854.7
3982.23
18440.4
18129.6
15252.1
12874.9
7196.14
5784.82
10183
16651.8
14400.5
9353.07
7001.41
17958.2
5514.27
5308.93
13516.4
8090.67
4181.57
11573.7
13302.7
18698.2
5887.07
6161.58
6373.68
12508.3
6117.03
17707.5
17364.3
9118.49
2542.56
15219.1
13099.7
982.938
13348.7
8351.79
13856.8
544.818
14135.6
4039.81
17195.6
8536.11
13391.9
4197.02
6494.28
18905.2
9504.95
10.6837
6995.82
13685.5
11583.4
298.498
12383.7
17469.5
6459.08
18756.4
9977.76
12575.1
16463.9
7342.1
1693.6
19005.4
2561.19
14792.3
19987.3
15908.9
3144.11
13844.2
16452.7
17278.7
17883
13648.3
5814.83
11274.8
17844.3
12308.1
10180
7349.26
12317.8
17174.8
1034.78
3901.19
17472.3
13417.5
1370.67
3931.4
12173.8
11347.4
16505.5
8637.67
18688.5
18198.1
7643.08
1249.72
12990.4
7630.43
17157.6
16133.6
1474.59
13610.3
13412.3
19356.6
7258.55
19226.1
10631.4
5102.86
11534.2
811.415
12451.1
3851.99
17985.2
13484.9
7752.19
15457.6
6902.36
9121.86
19388
19075.2
469.284
15893.5
7712.85
19156.8
14091.6
15354.9
406.527
7082.04
2985.37
17563.1
3215.59
4458.96
11173.4
16626.9
3815.52
18430.9
15853
14445.9
3533.76
7387.15
15256.4
15983.9
11238.1
13241.6
9468.77
18989.3
8699.16
16370.1
8111.19
8087.12
15445.3
8579.48
3980.6
3158.16
7736.29
18071.2
18512.1
8141.82
5153.24
1497.46
5704.92
8367.83
5955.42
16877.3
4994.69
9769.94
15308.2
847.642
4215.88
18841
8233.8
19471.2
14824.8
19470.9
12712.8
4293.6
18460.3
1411.98
663.735
6571.47
9498.11
16108
15149.9
13477.7
19265.2
2886.24
11548.9
17777.3
11027.1
16701.2
19273.8
16731
5068.99
5229.18
13608.3
10062.7
14998.1
8916.44
10909.3
19213
7757.39
19142.1
18684.2
2582.22
18613.1
11397.1
6874.82
17073.3
12808.1
7537.56
3644.81
2306.16
3645.6
18793.8
15782.9
2910.81
1679.99
7331.79
688.104
12706
4032.94
19960.9
9437.02
9100.93
5190.04
3045.27
19162.6
188.161
11960.7
10071.9
19400.2
19717.1
9214.06
18084.4
2299.32
7827.12
9481.47
9173.14
4900.46
2289.52
16709.7
8544.27
4594.68
355.304
7338.02
377.548
3265.11
9017.02
7708.33
3952.21
1723.06
11740.3
3913.08
11159.1
841.212
9102.12
14203.3
3.82803
9289.28
6164.06
10074.8
8689.44
5881.16
19287.8
6773.84
8179.48
7114.95
16254.3
17351.6
12014.4
18542.8
14061.3
558.678
3137.5
14415.6
7895.7
3514.05
17679.7
16911.7
11221.4
1631.95
18633.8
2961.66
5544.03
9792.86
3801.87
14645.1
3996.21
3804.7
3934.42
10159.3
13878.5
12622.9
16039.4
13166.3
19395.7
4218.9
281.247
15650
1570.52
12294.7
14192.8
15630.8
12852.3
17329.3
10046.5
748.036
843.384
7726.22
17658.8
12063.8
9357.17
16292.5
15024.4
14900.2
6085.39
18825.3
9545.34
10080.6
2630
13478.8
239.866
16507.5
6101.62
16278.3
9673.77
5497.32
497.191
9954.01
1147.32
2066.72
2248.67
15339.2
17696.6
15100
12668.5
7743.04
15847
13510.9
15468.3
13505.8
5574.64
4825.43
9798.33
599.068
19724.6
15882.7
19423.4
9269.96
5963.33
2053.37
2748.72
6202.19
18559.8
8849.34
2480.48
8233.61
14345.7
2976.67
18186.6
15492
5042.39
435.296
10831.1
2738.95
15534.3
3499.62
10481
11381.3
17009.5
5949.26
4887.13
2584.13
10773.7
14684.5
3182.2
10498.3
10567.2
2605.57
19767.3
16529.5
4657.94
2516
2731.71
3217.78
11364.3
5211.19
11450.4
5709.99
8186.86
9637.02
1201.96
13228.2
10071.3
12032.1
15966.2
5605.61
15530.7
6447.2
16986
12540.2
12395.5
1873.09
15123.3
3169.15
16556.5
18304.5
13666.5
7123.74
910.104
13433.7
3653.25
5567.04
15948.7
6383.96
8783.82
7313.08
11594.1
234.215
13022.1
19780
9870.23
14223
13008.3
19940.5
6255.13
8974.45
5546.16
1785.84
15420.7
2532.11
14325
7816.11
4404.19
9448.38
10984.3
960.741
7752.92
4650.72
8083.48
8662.02
18083.5
11735.7
14228.1
14032.2
18118.7
3011.89
1345.29
9712.83
3245.1
14366.4
9492.84
13114.3
8589.4
2501.09
13054.9
14843.5
11474.5
18600
16628.4
6895.19
1132.14
10953.4
14710.3
5535.33
401.8
5694.56
6495.07
8153.72
10344.3
14577.5
16814.7
8427.74
6313.28
11042.8
2459.95
4431.97
14053.7
3804.24
14143.8
17297.8
18169.6
3636.64
10412.1
6759.01
6136.74
3467
1602.54
17610.3
2067.03
18229.9
4505.47
3198.17
9183.33
19214.8
8732.5
9584.13
4909.33
15226.6
17736.8
15252.6
9804.13
14551.6
3680.36
16116.4
5594.38
6139.31
548.375
19647.1
9942.55
14691.2
16944.9
8112.16
18326.8
7356.98
14870.2
4463.56
10823
16471.7
2073.84
12889
14701.6
6578.31
16086.2
3884.94
5793.08
4818.7
13468.1
10701.4
45.2745
11204.9
5954.03
9848.4
5756.49
9633.39
5964.81
11349.9
15771.7
6512.18
10996.9
5714.25
1203.36
7941.8
13825.4
19529.2
15297.8
8695.57
3992.74
6120.77
5167.27
6065.58
19008.8
19867.9
12642.9
15095
3752.82
18435
19912.7
17219.9
9136.39
19957
8424.79
15089.4
9805.36
14180.3
4722.81
15769.2
5530.15
494.501
2281.34
16526.1
6207.75
3483.7
4467.89
33.1515
3012.88
19764.7
8727.72
7004.62
5885.44
13894
13069.2
4894.23
13761.9
5712.09
19988.2
17513.7
4147.06
19900.9
14733.6
13282.4
19857.8
3158.36
8371.86
9663.2
17337.6
13093.7
5432.36
2867.79
13587.2
7712.7
19392.9
19793.9
11195.4
3860.77
19826.1
14207.3
3625.44
8553.79
1211.92
9509.88
2447.78
14280.1
14403.1
16208.6
19991.2
14391.3
13722.3
4138.26
14292.2
8455.9
17419.7
14150.1
11613.3
5791.56
3813.25
8950.89
18884.2
9244.61
11817.7
12471.4
16956.3
11210.6
12265.3
8151.72
15070.3
12091.4
2359.01
18694.8
645.163
3569.93
8204.64
3091.94
17849
2607.74
19299.6
17840.2
16998.1
13021.9
1978.5
11290.3
1477.81
19397.2
5440.32
13090.1
5188.76
9252.57
2040.96
4072.99
18496.2
13857.6
16543.4
15452.5
5068.19
8808.69
3604.22
138.506
900.07
5962.23
18832.3
1544.23
9531.16
7036.9
4635.17
7380.21
9643.64
3934.76
5220.45
6641.7
16955.7
7197.95
17931
18432.5
6595.16
3371.28
11522.5
11782.9
12622.9
13562.5
15854.9
11119
7420.14
12398.3
6571.53
12487.3
1206.99
10174.7
12624.8
2106.06
16136
11457.1
3649.29
5667.14
18493
8283.46
13046.3
8136.64
12217.2
18265.8
14777.3
9172.89
5463.75
12708.3
7605.37
12057.9
16078.6
19126.9
3840.83
8701.44
12689.4
19694.7
19819.5
109.559
12093
6391
12595.9
13299
16564.8
5220.71
15404.1
12700.7
16676.8
19052.4
18366.9
15169.8
7335.82
11413.2
3306.43
19552
9679.01
18082.8
8724.93
15141.8
10791.1
16329.3
7199.68
6869.67
15456.2
11039.5
15570.1
8145.65
10734.2
15389.6
8254.21
2827.27
1780.6
850.091
16125.3
18344.3
6069.8
11529.4
11045.1
2746.6
10581.7
9411.95
17915.4
17916.5
825.164
1221.82
17468.6
10503.2
19303.6
6193.51
5644.95
10094.7
2522.82
12843.6
16963.3
17978
3883.13
12533.5
6123.7
14616.4
7923.05
14376.9
17442.6
9702.65
15226
13567.9
8046.99
1295.8
5097.27
19091.1
4041.39
15678
8503.02
1956.78
13594.5
9327.18
3177.6
11063.1
19829.4
2481.19
17255.6
5474.31
12574.9
19777.4
18316.9
9538.2
17755.5
2200.05
2071.66
3879.16
16815.4
9993.71
18255.1
14258.1
19695.4
13481.1
7825.98
7742.35
14775.9
12922.2
6833.42
18816.3
8600.23
15335.4
773.037
2194.75
4662.61
3949.64
13256.8
4491.97
6429.83
10512.5
9965.28
19003.7
10289.9
8282.21
8541.88
8045.34
10481.3
10612.5
11923.5
7296.68
606.247
10178.6
1554.74
301.6
3659.63
9379.71
8042.95
18434.5
2301.96
14875.4
17250.7
10901.2
10210.8
18022.8
13094.9
14872.4
1972.42
6351.79
19363.4
8401.25
16863.2
9328.66
7404.93
7153.12
17609.9
15945.8
15197.5
8091.13
6558.36
7120.95
15386.8
7163.6
17298.5
16940.6
7464.2
958.145
6320.27
15506.2
19391.6
8621.23
10381.5
16642.4
19521.4
592.31
14665.2
12616.4
15463.7
16636.6
18967.2
14827.1
5037.82
15830.4
4155.77
12441.8
2983.54
1765.64
8387.57
18180
9855.78
14944.9
5300.95
5242.59
2108.53
2599.46
2183.14
9571.73
3556.61
8502.41
5077.88
2948.24
17122.6
15458.4
19589.6
16644.1
16049.7
14254.8
9260.44
11513.4
10891.4
8227.61
6340.53
15928.2
4058.02
10495.3
8369.93
7040.56
12259.9
16756.5
5220.55
2115.72
11701.4
10520.5
7357.31
13809
13119
9539.45
3380.69
16674.6
18040.9
8457.57
19621.8
15163.5
3915.97
19211.4
11807.6
19964.7
13466.2
1068
11478.1
4357.55
9294.61
17817.6
285.728
13351.6
8312.94
8654.65
392.192
572.891
5411.15
5611.74
2687.61
17111.6
16131.2
10043.9
10920.5
9250.2
19582.4
14300.2
5924.77
17623.2
2757.78
5546.57
12786.7
6672.75
4758
4594.3
6637.42
18223.2
5661.31
18114.5
2580.76
14954.9
15932.2
2865.48
8306.55
4245.11
11519.1
8697.74
4817
16929.3
14308.5
7503.62
14040.9
10439.7
17546.5
4961.39
19688.9
17128.9
19260.6
5613.69
14752.2
2018.38
11159.3
7538.9
8690.13
15916.3
12132.2
15326.6
14139.5
17792.5
13441.1
16719.2
12747.4
9373.25
19583.7
1053.97
13617.4
11102.8
9750.71
18433.4
8032.13
4059.19
5936.97
2072.99
14497.9
3483.51
7033.38
14186.8
612.434
6293.97
19799.5
15363.6
8311.35
10958.8
2902.5
17000.5
6875.04
15033.7
12327
1014.5
12826.2
5768.11
17732.7
5573.64
15140.4
17316.4
6626.61
8757.71
8419.25
16376.3
7191.07
16450.4
435.514
13127
18522.4
14932.4
16609.6
5555.74
9119.26
17221
11848.7
8918.78
12584.6
160.069
19876.6
15486.1
17159.5
6751.6
10519.8
9486.58
7765.09
3346
15253.7
5497.81
8918.63
10394
2814.22
15544.2
19150.8
11232.5
11920.6
6341.83
7682.85
12355.1
19467.9
6205.22
7287.51
16077.4
11760
16405.8
13298.4
3608.68
5324.55
5882.98
3767.75
5201.11
1369.06
927.296
11951.7
11887.8
10412.9
19715.8
15232.8
5666.57
5213.62
4151.47
16059.6
8026.84
19694.7
15210.4
19258.3
11615.3
1552.2
6941.16
3970.36
1020.06
13145.4
11256.9
17096.5
4905.34
7662.63
10394.9
8513.02
12986.2
16276.9
12279.8
18186.3
17644.9
13206.1
10138
9532.77
3618.94
9853.82
4765.61
9284.51
15066.4
8916.08
5344.12
3093.27
8610.8
554.494
2351.58
226.08
2105.69
9291.74
4195.44
3124.76
2437.12
15451.3
221.233
7341.46
3113.94
10615.1
15853.5
16099.1
6891.97
8133.25
14285.4
4536.89
1339.31
4423.43
14068.7
4957.25
14276.3
18833.3
14240.8
9342.68
7749.35
19583.9
12435
16359.2
138.377
14785.5
16584.2
2243.07
4077.27
779.67
5366.83
6513.39
16230
5587.06
13853.8
19342.9
16201.2
9707.33
15442
3093.14
17839.6
9727.45
7629.04
19177.9
14149.9
1697.7
4135.14
8426.13
530.969
18374.9
17767.8
8279.32
17958.8
10202.8
4638.47
18096.2
4988.3
1222.7
339.229
9064.58
2001.37
5705.05
15577
18230.3
11291.1
9430.81
17573.3
7492.28
19137.1
13015.3
10584.4
16976.7
2742.74
18212.5
16154.6
16891.6
19909.2
289.745
5317.75
440.13
18663.6
3085.57
8718.45
16622.4
13287.3
13355.9
14718.6
18274.6
14577.6
15056.8
7339.22
16578
761.871
2916.19
14808.3
12052
12346
12381.6
19543.3
11483.1
5396.89
10127.7
8459.87
8138.63
8340.15
4614.47
5030.25
8249.32
4903.22
10347
8688.44
3566.86
13431.6
17405.9
189.289
6718.92
10761.8
14906.9
4993.57
5339.44
9963.69
12331.8
1917.44
10724.6
15247
16724.8
2776.55
7592.99
9106.39
2319.82
19075.1
14502.3
12446.5
7535
2640.91
786.663
12148.5
7670.16
9034.98
17050.7
18016.2
17722.4
617.547
11447.7
15128.3
805.836
18165.7
5890.14
15711.7
3159.23
11228.6
5675.41
15490
13145
16399
10737
9869.81
19174.5
18329
18975.2
1494.34
17404.1
13477.5
13939.8
4939.13
16117.4
14725.5
17086.6
3787.54
3760.49
14137.3
1803.7
1482.91
14753.8
13250.4
16610.2
15558.7
11416.1
2500.36
11270.4
14574.3
13727.9
16944.8
10064.4
6872.96
13343.8
801.365
16741.8
12518.3
19129.4
15717
14011.6
16533.5
9194.43
7951.46
1472.62
5311.81
2676.97
18558.2
9098.35
6436.46
12695.5
10901.1
7918.36
7449.33
4151.49
4528.59
3008
15566.6
7027.95
14277.4
10140.9
755.891
11222.2
205.293
7627.85
4565.94
1005.66
4369.61
17083.2
135.016
86.5667
11094.8
16667.5
9280
19045.3
18139.1
14590.8
1722.27
16697.3
3689.15
8157.73
9392.83
14589.2
16075.1
16841.2
18739.7
603.683
19848.2
14306.3
7630.64
14125.6
4447.23
8385.53
5347.74
4651.52
16012.4
9912.67
5656.18
381.984
6995.89
5790.2
467.551
18089.7
2457.7
9746.55
17135
596.818
4337.35
18856.3
17293.2
8025.51
7014.02
6685.99
2614.71
3089.12
3527.15
1354.41
3691.8
3375.33
15659.7
11321.4
17499.9
106.937
19706
2847.63
4757.46
15718.3
12759.3
10412.6
16099.3
19754.2
16201.8
16565.9
17843.9
18658.5
6312.42
14978.9
19254.4
10648.8
13835.2
16547.5
18673.3
849.268
3233.49
1287.99
3937.38
6759.64
2641.4
7628.19
10134
18300.1
18948.6
7633.86
18406
18654.6
10480.5
3163.5
14372.9
3239.78
13575.1
10472.2
2993.97
9776.98
7038.11
837.892
8435.51
13349.5
15815.8
7689.86
3998.29
9651.08
4237.37
2671.57
10499.3
7469.86
3958.56
14435.7
14228.5
6598.96
2063.92
4362.47
4899.06
1012.54
11995.3
3305.1
19666.1
2475.81
6467.61
14039
5714.6
42.7472
4511.27
8707.57
9818.72
11548.4
9544.46
18253.2
4897.9
5360.3
5943.1
8895.19
15010.4
10179.5
11565.8
5509.73
17648.3
15523.3
19944.5
11876.8
2122.27
2008.38
16238.3
7020.33
3019.92
8233.62
10324.4
2686.04
10708.4
16791
16724.1
16422
16832.8
1235.35
5129.6
6651.51
12782.7
14673.1
4904.75
17679.6
33.3668
10846.8
6574.82
15042.7
1026.31
18139.6
552.475
18673.6
13662.9
496.935
10550.5
15784.2
2504.31
6788.74
2804.48
5523.23
15021.4
13127.9
8208.27
5729.8
9918.96
4932.34
2151.83
6751.74
6166.69
7280.43
13402.3
18948.4
1953.5
18306
16628
1985.86
9152.85
3202.86
17027.6
10178.2
1342.43
17579.1
8851.79
15004.3
18075
19401.2
10788.5
579.335
6189.99
13592
6101.56
1211.35
6719.87
14308.8
6940.15
16637.8
19240.2
9090.97
3389.57
5406.86
16370.4
16790.8
4355.28
18322.9
15096.8
983.322
308.769
4249.68
4185.18
17335.4
14426.8
5526.61
14914.5
3278.63
530.93
12989.5
2679.87
11318.4
13567.8
8868.86
4910.36
19668.4
10079.2
11629.2
13977.2
17018.4
8267.05
13217.4
6109.33
11655.6
18623.3
2479.73
8446.46
2978.54
802.638
3543.29
3960.86
1110.41
7791.97
8145.04
18444.8
2218.8
13670.7
13359.3
5496.43
14200.6
6348.74
8175.3
5518.98
19915.6
17043.2
10428.3
19584
7122.36
2057.57
13561.2
4140.71
10323.6
6778.57
10249
1979.25
5401.82
12727.8
10424.7
8379.36
13529.4
13967
12339.2
14638.8
1758.96
484.26
13083.6
3976.76
14153.9
6442.86
9472.19
8354.5
12790.6
17646.5
13872.5
12706.2
14689.6
4300.82
12290.1
1812
6357.39
5851.29
5951.72
16680
12628.9
16199.8
18658.3
18029.7
8927.54
9082.96
6409.05
2456.95
3049.95
18747.3
17094.8
4807.91
19230.5
10178.4
8783.67
13384.4
16620.2
18254.9
1738.93
9410.84
15901.3
15610.4
2117.01
10591
19910.2
14406.1
12402
6267.62
257.428
18352.7
2947.63
12885.3
14552.5
1605.88
10915
3480
10687.8
17323
5935.95
13736.8
16070.3
3030.72
18543.7
15300.8
13208.1
7327.38
8685.25
9828.34
5582.23
10423.2
19238.2
1483.58
6033.6
1355.19
12073.6
5943.84
15760.3
4475.55
12210.5
16016.8
2828.25
15157.1
8902.04
17379.7
16762
19816
859.721
7449.81
17139
6794.67
1186.61
13209.3
9824.39
19729.3
8510.14
3032.49
7056.7
17194.4
12859.8
12637.9
7617.58
12098
14120.5
13650.2
13452.2
6194.07
19593
9212.53
10668.6
11803.5
5229.29
13495.9
6960.55
14130.3
10875.6
3722.52
13946.4
11734.3
11171.3
11085.4
18528
12356.9
4294.72
8352.38
12086.3
12803.9
11383.9
19142
9998.25
4243.7
11779.9
17614.8
16340.7
5900.4
11265
9792.92
12093.5
10858
19004.5
2762.1
2661.48
4233.74
16257
9621.03
18363.1
7132.57
13342.6
12309.4
18865.9
4513.89
3394.82
17393.9
16869.8
7688.53
5746.25
8956.1
492.394
17129.1
8098.07
10489.6
1372.83
19877
8104.47
17712.5
5777.37
19368.5
7505.46
17869.8
10226.5
6509.92
631.938
12887
10742.7
16887.9
2507.99
9105.73
4020.48
15849.5
1415.15
2886.37
363.43
4808.97
280.239
17232.3
12496.5
6025.49
6188.37
12987.9
3154.62
14285.4
3477.54
4526.45
14162.4
11581
2238.99
19938.8
10949.5
9743.45
17808.6
1175.95
16252.4
18439.5
14061.9
6995.03
15327.4
16568.9
16099.8
19346.9
12418.4
17513.9
2233.29
12780.9
2322.87
2512.53
10013.1
14818.4
8537.02
16200.5
7806.27
11690.6
10485.9
11282.8
16216.1
4648.33
2863.81
18454.1
4587.09
13812.3
8197.53
2395.69
14987.2
4449.9
835.222
9049.15
11443.9
16161.7
5618.05
7543.68
15508.6
18035.5
5057.59
17740.9
10816.4
7379.46
253.421
829.505
2197.84
8789.45
17029
10003.1
480.088
7514.95
1285.91
16695.2
12162.3
4148.72
15149.3
16748.4
17960
3346.79
19143
12947.2
7795.69
19977.3
1996.4
19238.6
16138.9
7613.45
6782.31
11647.5
5648.95
11838.9
9388.42
16464.3
19217.4
9640.84
17292.8
1415.2
18429.3
14321.8
11417.3
18908.4
1836.78
12702.2
15603.6
13998
16849.9
10752.8
10746.4
14809.9
14098.6
9889.46
7757.19
1894.3
9866.73
9752.59
1132.92
6005.66
17365
7914.23
17652.2
3013.99
19752.1
7040.62
19477.3
18969.5
16680.5
16770.1
384.7
15109.8
11092
11801
14018.1
12927.7
4503.22
9621.69
6925.78
1353.16
374.501
17671.2
16162.1
14472.1
7560.65
3919.3
16365.4
17426.4
13670.9
17497.3
3432.04
11035.9
5411.57
1084.24
14048.9
5163.7
8123.86
13526.2
4133.2
4804.33
10296.4
4516.9
19913.1
1388.33
16316.9
13931.2
14315.1
820.129
3552.9
1240.85
2172.29
3926.4
18911
18333.4
18397.5
6471.7
2252.7
14762.9
3898.08
15922.6
12260.2
7329.12
6958.54
17670.8
8412.36
1007.48
2834.51
16535.2
14532.7
6966.71
1339.55
4829.1
11482.6
1252.63
6216.43
7799.52
15182.8
531.497
8618.64
18734.7
1771.35
10789.9
2661.15
682.393
9123.34
1058.66
7153.09
11375
15820.6
11050.2
7297.64
8080.82
18378.3
14255.2
5751.63
6790.65
15261.7
8585.14
3325.87
9794.39
15550.8
4664.42
14622.5
7033.46
5916.06
838.921
14832
1098.9
1369.42
3450.62
19832.7
3139.77
14239.6
2493.81
3821.16
3362.89
3551.47
10973.3
14736.9
19371
2023.42
2034.58
7451.86
401.705
16288.8
13202.5
7191.35
11550.4
1787.63
10516.2
1344.82
17337.5
15179.6
15966.3
4370.93
1095.7
16804.2
19201.9
2193.61
18172.7
2652.53
2026.26
1312.42
16891.1
4519.07
5132.58
253.979
8069.53
16104.8
14989.9
7440.57
18127.2
17023.5
14891.4
18528
13312.3
8093.91
5719.31
4862.68
9880.54
16234.5
6206.51
7218.01
11414.2
2172.82
11587.9
12508.9
18976.1
10789.9
14701.5
17148.7
13441.4
16726.7
18460.1
10332.5
1245.81
3592.71
10585.5
9314.34
19696.5
5575.37
16753.9
17823.8
2598.85
11645.3
16351.7
15910.1
19738.3
2071.05
772.789
9618.79
18304.6
6978.3
16835.8
9718.76
9150.12
8423.76
2227.64
8126.18
19212.6
16928.1
5274.89
12654
13654.9
3735.02
2986.48
14899.7
7326.73
13570.9
4214.02
7023.28
19145.3
967.932
4847.07
1744.15
12612.3
1198.81
17653.3
12350.5
3268.87
18425
1969.32
1573.45
5403.34
18804.1
11291.2
14552.5
7227.88
13517.8
2678.63
6440.49
10446
7952.52
19093.5
4100.84
11686.5
2079.97
18999.5
19012.3
15649.9
3213.53
6035.55
14795.2
4180.47
10881.6
16538.4
16791.7
12079.4
14191.6
9142.26
15347.3
12616.7
11110.6
16919.7
18019
9914.7
8210.95
12571.5
17141.6
1728.8
15249.1
3582.07
12173.8
3201.61
2675.56
16273.6
14887.2
4754.53
15273.1
13899.4
404.438
18485.7
19934
15198.6
2666.12
10815.6
11737
19456.9
2895.02
5928.6
8599.12
18241.3
18544.3
19708.7
15161.1
16563.3
9623.39
3372.01
9134.71
6764.97
5099.81
4383.8
10346
17272.6
7584.42
13020.6
13546.2
2471.57
17774.1
8819.31
16370
18177.6
7304.96
16304
13376.2
9970.08
7119.57
5113.2
9426.93
10013.6
11040.8
18025.1
8254.91
9585.06
17733.7
3415.97
6148.32
7357.14
6786.98
15282
14121.1
11885.8
19664.8
4467.15
9158.38
7249.25
17486.7
2704.57
9719.82
15260.9
11522.9
6089.82
13438.4
18826.8
2393.79
6814.65
8796.91
9512.36
11926.8
18222.8
19524.9
2967.65
16247.9
7779.85
12551.7
13981.6
11194.8
18699
1338.78
17980.8
13981.1
15458.9
9866.6
13645.9
19925
19024
895.134
17411.8
1728.54
10614
12672.7
13250.4
16702.8
6111.1
12077.2
19095.6
12924.7
874.151
8607.92
4851.59
19096
8132.87
7818.24
15343.9
15911.7
369.945
9325.53
7106.54
19068
10663.3
5087.34
13049
6122.21
14952.9
6694.91
6047.25
13976.9
7589.04
3459.03
15704.5
18202
16130.7
8954.87
14904.8
2241.78
1032.11
14000.3
15165.5
1905.27
2608.25
17.1195
1001.26
10740.1
7834.36
16344.1
6651.84
8203.3
5669.68
13757.4
7271.27
16332
18843.7
320.292
2454.2
13796.7
7014.2
8500.45
7773.59
14602.2
11958.5
3478.04
12804.2
8089.17
12431.9
7708.99
10330
13463
1709.32
5495.48
15367.3
4316.56
5511.6
16367.6
15055.7
13345
12711.7
1707.51
1548.26
18380.4
15463.9
8818.53
14712.4
14307.6
9137.82
17165.6
8104.28
16151
5666.02
15876.9
10753.3
17623.5
19353.9
3557.48
5712.67
11785.8
11265.5
16041.6
5248.86
12973.8
1537.1
616.16
17289.4
7047.71
16982.7
12345
392.665
9694.42
14051.5
1939.93
8074.8
9515.43
10757.5
2787.17
3823.05
19894.3
19951.7
11926.3
16045.3
5617.77
7803.2
6798.56
3241.27
7157.12
10355
8952.94
18941.9
1620.52
4994.56
4190.81
14593.3
6530.67
4805.97
11882.7
13577.4
1788.69
4227.69
13969
11482.1
18278.2
15908
19555.9
7793.66
6665.42
2343.08
11615.7
6559.71
2294.83
3542.04
2605.01
7911.6
11344.2
9402.57
11151.9
18500.4
19756.6
104.804
17442.3
1377.14
5098.37
1633.11
15969.4
11628
6438.08
7852.11
5205.4
8225.77
12078.8
19173.4
19706.9
10357
15081.4
19262.8
18149.7
1746.83
1605.86
9765.39
8305.54
3899.69
13306.4
10909.5
11810.3
4650.68
312.12
2962.15
3151.04
68.7384
3065.95
593.343
1444.88
8163.32
2225.46
17413.3
19790.4
8662.54
5265.44
4995.76
16887.3
17343.2
4169.2
16594.2
7700.26
19249.6
15857
5849.95
996.432
17461.8
15614.3
9300.97
1361.51
8920.77
210.515
13170.8
13570.5
521.635
16131.9
16720.5
589.373
19196.9
17312.8
2033.25
7360.22
19537.3
19445.6
7150.57
8199.83
4711.01
12145.3
5087.14
2054.25
16313.5
1681.33
9753.51
15563.1
17537.3
15602.5
16558.6
14999.1
11216.8
5859.52
16359.6
137.567
6069.04
9530.42
13707
6589.67
5662.37
10427.5
7178.05
4859.27
7740.35
9210.3
12218.5
7277.64
8655.87
19368.1
15476.5
13365.9
11513.4
563.615
15419.1
7826.9
2243.94
5172.64
3390.02
19780.2
775.094
19947.6
14779.3
11990.9
5807.1
11139
12127.5
11875.1
669.395
5834.48
18463.8
6330.76
16261
5641.86
11189
4001.34
14851.2
3407.51
11278
3507.03
2775.57
6754.45
16871.9
14287.9
7317.06
12291.1
2114.84
9560
17462.7
5503.86
9340.23
18236.8
5451.44
4119.58
10227.7
11257.5
15257.6
2355.13
3132.69
15925.9
8188.61
1596.51
2256.71
4449.6
7237.37
13444.7
8449.93
2088.53
16851.2
19726.9
5594.57
19625.8
6481.36
2466.49
13913.8
13797.4
14756.5
16027.6
3357.42
12219.2
1531.46
12696.7
10456
6981.9
16815.2
683.705
18238.5
12072.8
3037.84
1371.14
7998.73
11225.4
2966.65
10254.4
15674
10203
3699.17
4123.97
12290.6
550.423
3850.88
17884.1
176.238
10331.2
350.604
14089
4128.65
15106.1
10116.6
7485.07
7325.38
11647.1
181.73
17780.4
18628
16996
18463.1
16866.4
9068.75
1500.95
18236.5
17066.5
12725.4
1203.19
7320.92
8399.44
11405.2
11019.1
12522.4
3695.77
11568.5
16372.3
1579.88
11743.8
6703.52
1929.49
5832.74
10831.2
17034.6
15948.3
18315.3
4360.02
7595.39
18496
2140.43
6223.34
15491.9
603.541
3089.74
4560.7
2103.49
1326.29
1627.17
14827.9
2528.48
8947.09
3227.33
13932.7
19965.2
15748.7
17627.5
11533.7
12121
19206.3
3277.44
18823.6
1135.84
9109.19
9654.73
18169.5
5057.52
7969.98
2529.49
12651.9
6465.96
4668.91
18874.2
1957.91
5271.45
1963.99
6517.6
7373.95
3289.28
8143.78
2201.84
5816.76
17089.9
5428.17
19748.5
17055
1176.9
17375.9
8588.74
13296.9
16582.3
11865.2
12120.5
17717.1
974.365
1775.21
15886.6
6030.89
9744.19
18415.1
18681.8
16209.1
3083.98
17556
18166.1
8354.44
19519
4683.66
15727.4
2808.31
12826.4
17928.2
8624.07
9916.3
3356.39
8372.53
6971.34
4532.29
5748.46
15559.1
17828.2
2330.73
7424.26
9948.7
47.8408
8397.62
11722.9
15933.4
14427.5
1467.09
14348.5
13109.3
17675.2
17431.5
10665.3
15841.3
5785.91
10184.4
524.942
1513.29
12991.7
13350.4
19440.5
1615.76
3266.67
2796.89
9987.29
10237
7328.18
15734.7
5796.09
5156.4
18064.5
13219.4
15104.1
18111.3
1616.97
6827
14044.7
16043.5
8293.08
8393.23
9152.79
5968.32
5824.7
19817.1
1809.6
11609.6
10001.5
2333.55
13121.9
2993.2
15682.9
12562.4
4607.96
18948.6
15358.3
14594.2
9185.61
2686.48
10329
14980.7
7841.88
8393.48
8200.05
2945.97
6504.8
9816.02
9771.97
549.538
5859.5
18064.1
8941.77
15011.3
4032.37
14765.5
14828.4
5840.98
6375.08
4829.93
8173.53
19496
7822.13
3856.45
12058.4
12429.1
2805.04
7416.67
7023.34
11989.6
10102.2
17351.3
6970.34
17943
5744.81
15169.4
889.006
12248.6
4985.41
10660
12797.1
10843.9
8724.03
1738.91
5855.21
12755.4
16503.4
683.633
18595.4
2878.46
5512.57
6768.91
2374.43
13333.7
10624.4
14431.8
5762.78
13428.4
1848.48
12785.1
5418.04
11949.6
10136.5
12387.4
9892.66
15880.3
7556.78
10780.7
8128.87
12541.2
1440.65
926.014
3385.11
10163.7
2663.93
9239.32
2919.09
19166.3
9921.95
1514.48
2044.77
15433.5
8282.39
4418.21
8767.22
18905.8
18849
14529
12334.1
697.49
7314.12
17751.2
12646.1
17449.6
10138.6
2538.78
13329.8
17694.4
13318.4
1458.71
10235.5
14758.1
2383.72
13619.7
4921.77
5046.65
2858.98
7839.86
4212.96
12779.9
9353.34
6256.74
8213.45
17634.7
10673.9
16979.7
16540.5
9522.95
11508.7
8874.63
10219.4
18821.8
6625.82
2865.56
16271.4
16763.4
5403.34
9601.2
14457.8
18720.8
11058.9
4693.3
13478.9
13441.6
18312
18399.7
18487.3
1170.93
6239.52
2700.24
13949.9
15591.9
8955.98
2163.3
13226.6
19628.9
19142
9767.08
9151.87
10650.6
18640.7
19370.3
9472.42
5266.53
2235.88
5743.78
2029.93
7638.22
15344
16486.7
6359.01
6402.89
1179.97
19836.9
19843.5
19490.9
18236.5
18330.8
661.855
4476.07
1031.04
14610.7
67.9278
9986.02
16773
13293.5
9614.94
15915
3060.6
18765.8
6565.61
1701.3
18136.1
16037
6966.83
372.014
1780.81
8995.76
8009.24
17123.8
5482.44
14367.2
3526.67
6661.41
14204.1
3370.19
6152.34
12440.7
1700.99
6813.19
16915.8
2731.03
1423.91
16982.7
12716.1
18195.9
10276.2
2330.99
14110.9
13335.8
1096.81
676.52
15036.1
19231.9
16712.6
2002.94
19603
18492.4
10997.7
7612.19
15616.1
16479.1
1979.44
19141.8
3140.55
16182.6
2512.01
9291.88
